204836 14057 97605 31144 113322
1277385 82164 24079 299817 2674
104115 189106 214826 476879 145501
2522 796675 13962 295131 15260
166111 139656 3546 1216861 184038
443760 18335 166680 54664 88584
165 294089 40668 156077 295103
12214 881220 4105 27381915 6859
53449 136414 1239854 334203 18425
3610 825262 66509 512407 30121
969504 507564 19101 73515 452255
141955 1188 430536 36748 522617
85590 73553 38929 9895 31008
1146650 1263169 68877 188287 14626
51193 369210 3094 8185 4549
1192214 263729 3367 17419 8850
28996 2950783 58469 131810 43819
213307 16147 348570 170979 15328
4616 81137 288117 400157 4626
81543 103713 4161 462610 348634
57827 393 31527 86289 361952
2027 8478 34116 7112974 418488
70369 1087112 130685 249034 68779
83385 9651 53630 44645 142626
214774 5936 39157 418891 35822
76296 33046 162728 131726 19079
5196 36732 27517 37232 43370
93002 211618 22368 11282 123541
101065 141255 10892 1777 34979
82430 1333666 229663 5624 1580847
1851861 17599 314993 23067 41402
19708 27518 191266 43138 10887
92905 533453 4129 83122 54772
30307 7332 40966 70531 48493
94520 1247 7134 383437 212628
11854 59944 2259492 10658 89382
7481 11306 164265 307027 5375
22045 30309 21566 105020 460
2096 13944 16685 549025 971571
11817 15297 2475800 8123 102245
