-5.752 -0.591 -0.248 -3.924 -1.38
1.887 0.539 -0.468 6.191 -1.995
-5.244 -0.854 -0.39 -9.207 -1.446
-2.652 2.362 -0.632 2.494 0.693
-2.098 17.899 0.774 8.8 2.028
-1.557 2.599 0.061 1.289 0.281
-1.274 5.294 4.053 -0.455 -1.941
23.85 -5.54 -2.389 3.541 2.221
-3.127 0.503 -2.726 -2 -5.526
-1.453 2.421 -4.495 2.004 3.481
1.405 -0.707 -1.49 0.37 0.693
3.226 -1.948 0.752 0.345 -3.72
-3.596 4.839 -4.324 -1.711 4.335
5.704 1.164 4.497 -1.462 1.9
-1.084 0.804 -0.757 -5.135 2.182
1.481 2.753 -1.13 -0.398 -0.762
-0.404 0.796 3.427 -1.485 -2.354
17.566 23.448 0.851 1.733 -0.664
3.977 2.027 -2.48 3.536 0.676
-2.334 1.886 6.729 1.262 4.785
3.083 4.034 -2.51 1.949 1.483
-0.848 -3.765 0.519 2.713 0.761
0.6 -1 6.675 1.033 1.231
-0.407 3.037 -3.902 -2.219 1.422
-2.101 -3.35 3.664 -1.508 0.959
-3.258 0.876 -1.293 -3.74 -0.5
2.953 2.593 -2.458 2.01 -3.993
7.083 -1.807 2.575 -4.659 0.653
0.401 1.504 0.845 -0.59 -0.894
6.209 -2.436 3.292 2.963 1.379
2.181 -2.33 -5.265 -6.096 4.363
1.997 8.87 -2.787 2.356 3.413
-2.807 0.147 1.073 1.255 1.9
-3.01 -2.098 14.575 -1.902 -4.765
0.425 -1.087 1.935 2.896 -0.282
-2.712 2.06 -0.909 -0.719 -1.855
-1.5 0.315 1.25 -2.617 -0.431
0.288 -0.546 4.011 2.821 -3.411
-1.184 4.62 -0.133 2.421 -3.443
-4.692 -2.423 -0.273 3.176 -1.31
-2.447 -4.759 3.14 -1.548 3.484
-0.636 0.049 3.139 3.566 -0.287
4.424 -4.568 -0.36 4.042 -1.489
-2.117 4.988 -1.432 1.796 1.927
-3.849 -2.346 -3.741 -3.939 -2.366
2.371 -0.34 -0.371 -4.563 7.275
-2.23 -0.861 3.474 0.834 -0.796
-3.847 2.364 -1.463 4.699 -2.264
1.014 -2.113 -4.038 -3.614 2.389
-3.443 -1.61 -2.217 0.126 0.009
-1.963 -1.94 -1.855 -1.946 -1.675
-4.204 3.533 3.5 -3.929 2.624
-1.366 0.286 -4.388 -3.353 -1.57
-8.307 -2.377 0.8 -2.416 -0.431
-4.098 4.771 1.354 4.17 0.242
-1.399 1.774 -8.625 6.238 -3.609
4.254 -0.153 3.272 2.851 -3.505
4.648 0.106 -1.961 -2.543 1.137
0.607 -5.93 1.163 -0.97 -2.405
1.523 -2.918 -3.546 3.065 -1.602
0.59 -1 -0.433 -2.877 1.226
2.238 2.811 0.849 1.441 -5.214
0.581 -4.019 -1.984 -5.537 -2.491
2.016 -6.383 -0.157 -1.009 2.653
-1.618 -3.106 -5.392 1.012 0.666
-3.524 -3.836 -3.302 -2.889 4.669
-4.04 -1.497 -1.636 -1.903 -4.417
4.026 5.883 -7.625 2.971 -2.805
-2.656 4.439 3.996 -3.619 -5.851
-0.362 -3.551 0.117 -8.138 -0.677
0.423 -1.311 0.995 0.021 2.721
3.893 1.875 -1.661 -0.462 -3.77
-2.812 0.115 -4.575 5.146 3.258
-3.999 -1.967 3.088 -0.093 0.029
1.042 2.079 2.576 7.167 -0.458
1.188 -3.436 2.506 0.28 -1.9
5.01 0.4 -2.356 -2.859 0.674
0.111 3.856 1.165 -0.471 -0.906
2.29 3.113 -0.274 23.761 -1.121
0.279 -1.991 4.789 0.236 -1.658
3.949 -2.77 0.082 2.399 0.699
-0.725 -4.109 -2.051 0.235 0.453
-7.94 -2.846 -5.251 -1.121 -1.971
4.74 -7.53 4.305 -1.76 -0.183
-2.777 2.23 -1.382 -2.21 -0.714
18.68 2.572 -3.653 -3.65 0.416
-0.48 -1.293 -7.101 -2.172 2.692
-2.268 1.536 3.269 -0.24 -1.215
-1.055 3.526 4.016 2.903 3.741
-0.542 -3.78 -0.71 2.971 -4.548
-0.254 5.368 -0.46 0.13 0.27
-3.753 -2.842 1.691 -5.206 -0.197
-2.835 2.72 1.671 2.829 -1.368
1.443 -2.333 0.01 -3.667 2.564
3.653 -1.553 2.804 2.031 -0.576
-1.206 0.697 2.333 0.416 -5.651
3.699 -7.584 -5.597 -1.476 -1.38
0.019 -1.329 -2.549 0.288 -1.566
-1.138 -3.548 -5.49 -1.088 1.914
1.87 2.266 1.493 7.721 -0.618
0.07 0.98 -1.189 0.261 1.111
-0.709 1.756 0.496 0.859 -0.056
-0.223 -1.192 -4.306 -1.721 -6.216
0.211 2.877 -1.742 -1.772 -3.802
-5.144 -2.824 2.488 0.108 -0.526
3.677 3.58 0.725 -4.955 1.55
0.457 -7.643 0.793 -2.525 4.728
2.834 -1.53 -2.836 3.035 -7.052
2.323 2.294 3.213 1.408 2.484
-0.659 1.266 1.197 3.556 2.068
2.105 -0.344 1.388 2.233 -3.943
2.963 3.268 -1.348 2.942 0.62
2.192 0.332 -2.286 1.966 6.707
2.879 -5.673 -1.842 -4.185 0.125
-3.933 3.224 15.164 -7.691 -6.228
4.541 4.335 -1.306 -5.434 -1.916
6.15 -2.82 1.398 7.191 1.173
-2.994 1.274 0.65 -3.409 2.655
-2.357 -1.144 2.832 -3.278 -5.897
2.457 -1.983 -0.279 -4.136 -1.509
2.722 -1.585 -4.572 7.043 -2.015
5.875 -1.723 4.012 -2.227 -0.692
0.226 1.335 4.481 0.916 1.888
0.697 -0.672 -0.429 3.663 6.829
-0.183 1.762 2.176 -2.339 3.312
-6.101 1.291 0.479 2.684 1.424
3.37 3.932 2.629 2.448 -0.117
-2.042 1.943 0.025 0.383 0.546
-1.222 2.396 0.812 -6.393 -2.446
-5.875 0.159 0.973 4.16 -6.081
8.457 2.327 1.974 8.402 -4.468
-3.02 4.434 4.089 1.953 0.629
2.728 4.063 4.483 0.932 0.609
1.945 1.213 -0.429 -1.298 2.728
0.132 -0.966 -1.772 -0.317 -4.488
-0.351 0.762 2.733 0.641 -3.314
-3.261 -4.651 1.855 2.473 0.466
-2.159 2.915 1.817 4.089 0.546
-0.795 -1.642 -4.539 -2.182 2.465
1.83 1.076 0.828 -2.788 1.871
-0.664 10.067 4.187 -2.892 1.809
2.285 2.529 -0.427 0.399 2.16
-1.923 2.755 -2.562 3.438 -3.779
1.532 -2.364 -0.675 1.598 -0.067
-0.537 0.107 8.638 1.247 -2.261
1.125 -3.624 -0.957 -4.287 0.702
0.577 -0.43 4.473 -4.689 -3.21
-3.352 3.431 1.169 2.355 -3.446
-2.447 -2.048 2.498 -3.129 -3.939
2.604 -3.28 0.206 1.688 -1.35
0.169 2.424 -1.256 1.449 -2.148
-4.911 -1.886 0.268 -0.015 -1.99
-2.64 -0.363 -1.638 -3.605 -0.014
0.969 -2.981 -2.315 1.216 0.634
-1.364 2.728 -6.332 3.055 -7.1
2.685 -4.32 -7.185 0.567 1.797
4.828 3.689 -4.107 2.471 -5.891
0.432 0.27 -1.812 -1.222 3.948
-4.545 -7.459 -1.464 -0.606 1.078
-2.013 3.093 1.392 -0.946 -0.096
-4.702 -4.273 0.806 -2.699 -2.28
-3.938 -0.081 4.964 1.197 -5.051
-0.353 -2.893 -0.845 2.831 1.682
1.966 2.594 -0.632 1.83 -2.298
1.365 0.271 -2.143 3.713 -0.027
5.087 1.973 -2.411 -0.453 1.312
-0.358 -2.529 22.593 3.664 -2.742
3.796 -0.585 3.815 -2.345 -4.849
-2.269 -6.269 -1.308 0.728 2.664
-6.711 -3.268 0.774 -2.699 1.356
-2.389 -3.603 -3.815 -3.493 -0.067
1.044 -3.736 -1.742 3.166 -0.273
11.646 0.407 1.739 4.892 3.32
2.582 -5.612 -4.39 -0.316 -1.773
-0.908 2.748 1.923 1.501 -0.26
-3.028 4.155 -0.424 -6.54 1.499
-2.428 1.382 -3.264 2.037 1.208
6.28 -3.156 0.745 -1.453 8.804
-0.217 6.385 -0.209 -3.263 1.354
-0.245 0.272 14.597 -7.261 1.734
1.481 -2.365 -0.704 3.868 -5.107
3.164 0.165 4.057 0.324 -2.626
2.483 -0.047 -0.767 8.062 -2.85
-1.094 0.853 2.645 -6.941 2.699
3.593 -0.591 -3.923 -1.554 -7.471
-2.683 4.761 -2.752 2.095 -1.052
1.959 -3.721 -1.479 -1.481 1.222
4.461 -0.36 -5.421 -2.201 -1.101
-4.878 2.233 1.957 -3.01 -5.07
-3.088 2.815 -6.315 -2.915 -0.543
2.709 -2.784 -0.121 2.926 0.436
-1.05 3.09 -5.486 2.345 4.044
-2.619 2.804 5.318 -0.971 -2.113
-3.598 2.814 -1.667 1.82 -0.443
-0.293 -5.093 -2.044 2.476 1.849
0.796 0.18 -1.811 -0.369 5.343
-0.654 1.65 -1.394 1.914 -5.336
3.439 -3.391 4.993 -8.554 -0.068
6.266 2.714 -3.311 -8.054 1.842
2.704 1.162 3.641 -4.247 4.663
