3 5 6 7 7 8 10 11 11 16
17 19 19 20 21 22 22 23 25 27
28 28 31 31 32 32 33 36 37 40
41 41 45 46 46 48 49 50 52 55
58 58 59 60 60 61 61 62 62 63
65 66 67 67 68 69 70 73 73 75
77 79 81 81 82 82 82 84 84 87
87 89 89 89 91 91 91 95 95 96
96 97 97 98 102 102 103 105 106 106
109 109 111 111 112 112 113 114 115 117
119 121 123 124 125 125 126 131 133 134
136 136 137 138 139 139 142 144 146 146
147 152 152 152 153 154 154 154 155 155
156 158 158 160 161 162 165 165 168 169
169 172 172 173 173 173 174 175 175 178
178 179 179 181 182 182 183 184 185 187
187 188 189 194 196 197 200 201 202 206
207 208 208 208 209 210 212 214 215 218
218 219 220 220 224 225 228 231 231 234
234 235 235 235 239 239 240 240 240 241
243 243 244 247 247 249 249 250 251 251
252 253 257 259 260 261 263 264 264 264
267 268 269 269 270 271 275 276 277 284
286 286 288 289 289 291 293 295 296 296
297 297 297 298 299 300 301 302 302 305
307 311 311 311 312 315 318 318 319 322
323 327 329 331 332 334 337 337 339 340
342 343 344 345 347 349 350 356 357
