65195 155 1142 4337 261
33826 8335 217256 50391 13903
346 8390 33644 4908 10397
3906 1613 2710 5793 6670
520 32143 15302 4705 6676
12778 14488 580398 10588 4775
199316 9891 16858 15272 515
724 21290 1961 571 30336
13262 14133 2013 187 42011
26132 109787 1432 12091 403
2527 10455 89970 67948 1893
3259 290 14781 4998 755
263 25111 34568 3371 59839
485 1687 90880 99791 350
4655 1819 730 572 17237
191455 73046 6737 1312 83820
2882 130419 40725 962 19271
5634 6013 8756 350 3765
6193 1632092 5980 13993 1491
695575 987 3478 5479 50521
38710 73318 31766 2879 58756
4700 30862 3019 222664 315
340 11675 6684 2586 125772
6947 1263 11887 43492 31894
100289 841799 95313 1057 48311
29226 5519 2600 21772 69729
12901 406804 162 18823 27016
8675 33041 28114 1397 1507
4138 16321 8630 2434 11131
81014 85870 4309 5463 328929
2436 59028 13942 31813 159061
686 125724 1021920 28249 17928
590 15116 723 13256 1734
66977 10526 2091 3027 375555
320 2331 772 5215 125422
12785 28525 16169 2465 1053
72700 16096 391848 393 310
25041 31580 5793 12271 638
3560 1104 2079 203 8721
129341 3337 2705 5511 5791
